3891059 
3891055 
3891087 
3891089 
3891067 
3891047 
3891065 
3891083 
3891061 
3891081 
3891039 
3891069 
3891045 
3891043 
3891041 
3891085 
3891075 
3891057 
3891053 
3891051 
3891071 
3891073 
3891077 
3891079 
3891093 
3891049 
3891063 
3891091 
3774156 
3774146 
3774182 
3774152 
3774138 
3774134 
3774180 
3774140 
3774154 
3774136 
3774142 
3774164 
3774130 
3774144 
3774178 
3774170 
3774150 
3774172 
3774158 
3774174 
3774168 
3774166 
3774162 
3774160 
3774148 
3774176 
3774132 
3761091 
3761139 
3761151 
3761142 
3761145 
3761148 
3761116 
3761154 
3761157 
3761113 
3761127 
3761109 
3761107 
3761130 
3761119 
3761133 
3761104 
3761136 
3761121 
3761124 
3761101 
3761080 
3761098 
3761095 
3761074 
3761071 
3761077 
3761082 
3761088 
3761085 
3774208 
3774216 
3774244 
3774214 
3774210 
3774212 
3774218 
3774220 
3774228 
3774226 
3774224 
3774222 
3774230 
3774232 
3774234 
3774236 
3774238 
3774242 
3774240 
3774200 
3774204 
3774206 
3774202 
3774188 
3774192 
3774196 
3774190 
3774186 
3774194 
3774184 
3774198 
3891095 
3891143 
3891101 
3891099 
3891103 
3891149 
3891097 
3891145 
3891139 
3891147 
3891141 
3891137 
3891135 
3891133 
3891131 
3891129 
3891127 
3891117 
3891115 
3891119 
3891121 
3891125 
3891123 
3891113 
3891105 
3891107 
3891109 
3891111 
3891181 
3891197 
3891195 
3891191 
3891199 
3891193 
3891189 
3891185 
3891207 
3891187 
3891183 
3891159 
3891179 
3891177 
3891175 
3891173 
3891171 
3891161 
3891163 
3891165 
3891167 
3891169 
3891153 
3891203 
3891151 
3891157 
3891155 
3891205 
3891201 
3891209 
3891211 
3891245 
3891255 
3891217 
3891235 
3891259 
3891243 
3891261 
3891257 
3891253 
3891233 
3891247 
3891215 
3891213 
3891231 
3891251 
3891237 
3891241 
3891221 
3891223 
3891225 
3891227 
3891219 
3891229 
3891249 
3891239 